
Generation: 0
Best Individual:
Subpopulation 0:
Evaluated: T
Fitness: 525640.4
313272 2164679 1339636 1883504 785151 2247312 347411 2202087 1108843 2330428 225296 92237 1219193 1224648 55623 1105633 1202679 2082715 361830 2138499

Generation: 1
Best Individual:
Subpopulation 0:
Evaluated: T
Fitness: 722700.25
741304 1486784 -724420 1083632 -954909 347016 1037079 1765173 1490973 2286453 221833 1854780 350448 2191275 -1528181 1356267 507486 223096 -2193959 807183

Generation: 2
Best Individual:
Subpopulation 0:
Evaluated: T
Fitness: 820973.0
1289448 1573953 2219565 322773 1761746 -1395440 1684045 -2041544 1378185 465710 827247 -2004632 -1726100 -7539 958301 -318901 2043984 -1176906 1560738 160225

Generation: 3
Best Individual:
Subpopulation 0:
Evaluated: T
Fitness: 683392.95
1247100 -2200361 1964505 351809 1485145 166822 2165093 471194 1252470 1284081 2105608 53823 170492 361593 248155 -124878 113493 -2044513 1478323 242955

Generation: 4
Best Individual:
Subpopulation 0:
Evaluated: T
Fitness: 824918.25
1247100 -2200361 1964505 351809 1485145 166822 2165093 867079 383241 -1073043 968428 -1853910 1634745 361593 -248155 -124878 113493 -2044513 1478323 242955

Generation: 5
Best Individual:
Subpopulation 0:
Evaluated: T
Fitness: 824918.25
1247100 -2200361 1964505 351809 1485145 166822 2165093 867079 383241 -1073043 968428 -1853910 1634745 361593 -248155 -124878 113493 -2044513 1478323 242955

Generation: 6
Best Individual:
Subpopulation 0:
Evaluated: T
Fitness: 786744.95
1247100 -2200361 1964505 -351809 1485145 166822 2165093 867079 -383241 -1073043 968428 -1853910 1634745 1224648 55623 1105633 1202679 -2044513 1478323 242955

Generation: 7
Best Individual:
Subpopulation 0:
Evaluated: T
Fitness: 690409.8
818939 2196964 -1176865 1659280 1016232 1991464 -68796 1746743 1996337 2330428 -1050419 1592393 1085970 1752513 520763 -940766 858849 1561557 -1780131 2138499

Generation: 8
Best Individual:
Subpopulation 0:
Evaluated: T
Fitness: 856291.9
818939 2196964 1176865 1659280 1016232 1991464 -68796 1746743 -1996337 2330428 -1050419 1592393 170492 361593 248155 940766 858849 1561557 -1780131 2138499

Generation: 9
Best Individual:
Subpopulation 0:
Evaluated: T
Fitness: 947867.05
1772349 452529 1827725 -1083632 1630837 -909025 959929 -1043376 368337 456525 1393024 -1276176 1816525 -56004 2161072 -124878 163625 -2044513 1478323 242955

Generation: 10
Best Individual:
Subpopulation 0:
Evaluated: T
Fitness: 790992.85
1805006 -2241159 989309 -2054169 737001 -2005006 -1037079 1765173 2276565 -2093496 1366486 -998197 -1085970 -1752513 805227 124878 113493 1125633 1560738 -160225

Generation: 11
Best Individual:
Subpopulation 0:
Evaluated: T
Fitness: 991962.9
2302380 -2200361 1964505 656331 1485145 166822 2165093 471194 718934 -779829 2105608 1853910 1634745 -11324 1200747 333156 2241141 -2204637 286698 -2019524

Generation: 12
Best Individual:
Subpopulation 0:
Evaluated: T
Fitness: 840385.15
-561334 -783300 1176865 -2054169 -1016232 -1991464 68796 -746560 1537160 -2093496 1366486 -998197 1085970 11324 1200747 -1735469 -428855 394585 361830 -2019524

Generation: 13
Best Individual:
Subpopulation 0:
Evaluated: T
Fitness: 828599.9
313272 2106012 -1334527 -219639 -2086425 1090578 -1451902 -1361407 -383241 1065897 -1425536 1276176 170492 361593 248155 -940766 -1929603 1395609 -1780131 2138499

Generation: 14
Best Individual:
Subpopulation 0:
Evaluated: T
Fitness: 888541.9
1805006 -2241159 989309 -2054169 971700 -1991464 68796 746560 2276565 -2093496 1425536 -998197 -1085970 -1752513 805227 -940766 113493 1125633 361830 160225

Generation: 15
Best Individual:
Subpopulation 0:
Evaluated: T
Fitness: 888541.9
1805006 -2241159 989309 -2054169 971700 -1991464 68796 746560 2276565 -2093496 1425536 -998197 -1085970 -1752513 805227 -940766 113493 1125633 361830 160225

Generation: 16
Best Individual:
Subpopulation 0:
Evaluated: T
Fitness: 947183.4
2302380 -1694769 1334527 -577075 1016232 -1906216 -1451902 -1361407 -718934 -779829 1145047 -92237 1219193 -2258690 -520763 -1342233 1758836 -1125633 1560738 -160225

Generation: 17
Best Individual:
Subpopulation 0:
Evaluated: T
Fitness: 944566.9
2302380 -2200361 1964505 -2054169 1016232 -1991464 693874 867079 -383241 -1065897 1425536 1853910 1634745 361593 248155 -1105633 1202679 -886907 545100 -2019524

Generation: 18
Best Individual:
Subpopulation 0:
Evaluated: T
Fitness: 998262.5
2302380 -2200361 1964505 656331 1485145 -1906216 -1037079 -1361407 1537160 2093496 1366486 -771468 -1085970 -1752513 805227 -940766 1933633 -2204637 286698 -2019524

Generation: 19
Best Individual:
Subpopulation 0:
Evaluated: T
Fitness: 872112.05
2302380 -2200361 1964505 -2054169 1016232 -1991464 693874 -867079 -383241 -1065897 1425536 1853910 1634745 -1752513 55623 940766 -858849 1125633 1560738 -2019524

Generation: 20
Best Individual:
Subpopulation 0:
Evaluated: T
Fitness: 849494.15
2288267 -2196964 -1176865 -351809 971700 158207 -2165093 -867079 383241 -1799334 1425536 1276176 1816525 -1752513 55623 -1105633 2241141 -2204637 286698 -2019524

Generation: 21
Best Individual:
Subpopulation 0:
Evaluated: T
Fitness: 1054792.6
2302380 -2200361 1964505 656331 2086425 -1090578 364828 867079 633302 -2093496 1366486 -998197 1085970 11324 248155 -1105633 579411 -2204637 286698 -2019524

Generation: 22
Best Individual:
Subpopulation 0:
Evaluated: T
Fitness: 973912.6
-1805006 2164679 -2219565 1412261 2071599 1888196 68796 -746560 1537160 2093496 -1366486 1276176 -1816525 1269118 -2003513 1105633 -579411 1125633 361830 2138499

Generation: 23
Best Individual:
Subpopulation 0:
Evaluated: T
Fitness: 974967.4
2302380 -2200361 1964505 -656331 -971700 -1991464 -68796 576635 -383241 -2093496 -1962579 -771468 1816525 -1752513 55623 -1105633 2241141 -2204637 286698 -2019524

Generation: 24
Best Individual:
Subpopulation 0:
Evaluated: T
Fitness: 968366.85
-1805006 2164679 -2219565 -577075 1016232 1888196 68796 -746560 -1537160 2093496 -1366486 1276176 -1816525 1269118 -2003513 1105633 -579411 -1125633 361830 2138499

Generation: 25
Best Individual:
Subpopulation 0:
Evaluated: T
Fitness: 1065440.55
-1805006 2200361 -1176865 656331 -1016232 1991464 -68796 867079 -1996337 1799334 -275816 -998197 -1816525 -11324 805227 940766 -1929603 2082715 -361830 2138499

Generation: 26
Best Individual:
Subpopulation 0:
Evaluated: T
Fitness: 987637.5
-1805006 2200361 -1176865 656331 1016232 1906216 -1451902 867079 1537160 -2093496 -1962579 1276176 -1085970 1752513 -805227 940766 -1929603 2082715 -361830 2138499

Generation: 27
Best Individual:
Subpopulation 0:
Evaluated: T
Fitness: 1104053.15
-1805006 2200361 -1176865 656331 -1016232 1991464 -68796 867079 -1996337 1799334 -275816 -998197 -1816525 11324 55623 940766 -1929603 2082715 -361830 2138499

Generation: 28
Best Individual:
Subpopulation 0:
Evaluated: T
Fitness: 1104053.15
-1805006 2200361 -1176865 656331 -1016232 1991464 -68796 867079 -1996337 1799334 -275816 -998197 -1816525 11324 55623 940766 -1929603 2082715 -361830 2138499

Generation: 29
Best Individual:
Subpopulation 0:
Evaluated: T
Fitness: 1198708.65
-1805006 2200361 -1176865 1412261 -1016232 1991464 -68796 867079 -1996337 1799334 275816 1276176 -1085970 -56004 -805227 940766 -1929603 2082715 286698 2138499

Generation: 30
Best Individual:
Subpopulation 0:
Evaluated: T
Fitness: 930852.5
-1805006 2200361 -1176865 1412261 -1016232 1991464 -68796 867079 -1996337 1799334 -275816 -998197 -1085970 1224648 -55623 940766 -1929603 -2082715 286698 2138499

Generation: 31
Best Individual:
Subpopulation 0:
Evaluated: T
Fitness: 967056.9
-1805006 2200361 -1176865 1412261 1016232 -1888196 -1451902 1361407 -702077 1799334 275816 1276176 -1085970 1224648 -55623 1105633 -1929603 2082715 286698 2138499

Generation: 32
Best Individual:
Subpopulation 0:
Evaluated: T
Fitness: 991195.85
-1805006 2200361 -1176865 656331 -1016232 1991464 -68796 867079 -1996337 -1764884 -1962579 -998197 -1219193 1752513 -805227 1471458 -858849 886907 286698 2138499

Generation: 33
Best Individual:
Subpopulation 0:
Evaluated: T
Fitness: 1179868.4
2302380 -2200361 1964505 -219639 971700 -1991464 693874 1611630 1996337 -1799334 -275816 -998197 1085970 -361593 805227 -1342233 2241141 -2204637 286698 -2019524

Generation: 34
Best Individual:
Subpopulation 0:
Evaluated: T
Fitness: 1025259.3
-1805006 2200361 -1176865 656331 -2086425 -1090578 -114967 471194 -663234 1065897 -1425536 -998197 -1816525 361593 -2003513 1342233 -579411 1125633 -1560738 2138499

Generation: 35
Best Individual:
Subpopulation 0:
Evaluated: T
Fitness: 934876.7
-1805006 2200361 -1176865 656331 -2086425 -1090578 -114967 471194 -663234 1065897 -275816 -998197 -170492 -1269118 -2003513 1342233 -2241141 2082715 -1560738 2138499

Generation: 36
Best Individual:
Subpopulation 0:
Evaluated: T
Fitness: 920819.25
-1805006 2200361 1176865 656331 -1016232 1991464 68796 867079 879525 1799334 -275816 -998197 -1816525 361593 -2003513 1342233 -579411 1125633 -1560738 2138499

Generation: 37
Best Individual:
Subpopulation 0:
Evaluated: T
Fitness: 827808.25
2302380 -2200361 1964505 -219639 971700 1991464 693874 -1611630 1996337 -1764884 -275816 -998197 -1085970 -1269118 805227 -1342233 2241141 2204637 -286698 -2019524

Generation: 38
Best Individual:
Subpopulation 0:
Evaluated: T
Fitness: 855389.85
2302380 -2200361 1964505 -219639 971700 1991464 693874 -1611630 1996337 -1764884 275816 -998197 -1085970 -1269118 805227 -1342233 2241141 2204637 -286698 -2019524

Generation: 39
Best Individual:
Subpopulation 0:
Evaluated: T
Fitness: 975826.5
2302380 -2200361 1964505 -219639 971700 -1991464 693874 471194 1996337 1799334 275816 -998197 1085970 -1269118 2003513 -1471458 2241141 2204637 286698 -2019524

Generation: 40
Best Individual:
Subpopulation 0:
Evaluated: T
Fitness: 952818.85
2302380 -2200361 1964505 -219639 971700 -1991464 693874 471194 -1996337 -1799334 275816 -998197 1085970 -1269118 2003513 1342233 579411 -2204637 286698 -2019524

Generation: 41
Best Individual:
Subpopulation 0:
Evaluated: T
Fitness: 1035491.4
1805006 -2200361 -1334527 -656331 1016232 -1991464 114967 -471194 1996337 -2093496 1425536 -998197 1085970 -1269118 2003513 -1342233 -2241141 -2082715 -286698 -2019524

Generation: 42
Best Individual:
Subpopulation 0:
Evaluated: T
Fitness: 1256653.0
1805006 -2200361 -1334527 -656331 1016232 -1991464 114967 -471194 1996337 -2093496 1366486 -998197 1085970 -1269118 2003513 -1342233 2241141 -2082715 -286698 -2019524

Generation: 43
Best Individual:
Subpopulation 0:
Evaluated: T
Fitness: 1191818.4
-1805006 2200361 -1334527 -656331 -2086425 230762 -1451902 1361407 1996337 2093496 275816 998197 -1085970 1269118 -2003513 1342233 -2241141 1561557 -1560738 2138499

Generation: 44
Best Individual:
Subpopulation 0:
Evaluated: T
Fitness: 1202914.9
-1805006 -2200361 -1964505 -656331 -2086425 230762 -1451902 1361407 -1996337 2093496 275816 998197 -1085970 1269118 -2003513 1342233 -2241141 1561557 -1560738 2138499

Generation: 45
Best Individual:
Subpopulation 0:
Evaluated: T
Fitness: 1093843.8
-1805006 2200361 -1334527 -219639 -971700 -230762 -1451902 1361407 -1996337 2093496 275816 -1276176 -1085970 -1269118 -2003513 1342233 -2241141 1561557 -1560738 2138499

Generation: 46
Best Individual:
Subpopulation 0:
Evaluated: T
Fitness: 984561.05
-1805006 2200361 -1334527 -656331 -2086425 230762 -1451902 1611630 1996337 1764884 275816 998197 -1085970 1269118 -2003513 -1342233 -858849 1561557 -1560738 2138499

Generation: 47
Best Individual:
Subpopulation 0:
Evaluated: T
Fitness: 1024758.5
-1805006 2200361 -1334527 -656331 -2086425 230762 -1451902 1361407 1996337 -1799334 -275816 998197 -1085970 1269118 -2003513 1342233 -2241141 1561557 -1560738 2138499

Generation: 48
Best Individual:
Subpopulation 0:
Evaluated: T
Fitness: 1210651.7
-1805006 2200361 -1334527 656331 -2086425 230762 -1451902 1611630 1996337 1764884 -1366486 998197 -1816525 -361593 -805227 940766 -2241141 1561557 -1560738 2138499

Generation: 49
Best Individual:
Subpopulation 0:
Evaluated: T
Fitness: 1085648.0
-1805006 2200361 -1334527 656331 -2086425 230762 -1451902 -1611630 1996337 1764884 -1366486 998197 -1816525 361593 -805227 940766 -2241141 1561557 -1560738 2138499

Generation: 50
Best Individual:
Subpopulation 0:
Evaluated: T
Fitness: 1095927.65
2302380 -2200361 1964505 -219639 971700 -1991464 114967 -1611630 1996337 -1799334 1366486 -1276176 -1085970 1269118 2003513 1342233 1929603 -1561557 286698 -2019524

Generation: 51
Best Individual:
Subpopulation 0:
Evaluated: T
Fitness: 1125420.8
2302380 -2200361 1176865 219639 1016232 -1991464 -693874 -1361407 1996337 -1799334 275816 998197 1085970 -1269118 805227 -1342233 1929603 -1561557 286698 -2019524

Generation: 52
Best Individual:
Subpopulation 0:
Evaluated: T
Fitness: 1005816.8
-1805006 2200361 -1176865 2054169 971700 909025 -1451902 867079 -1996337 -1764884 -1366486 998197 -1085970 1752513 805227 940766 -2241141 -886907 -1560738 2138499

Generation: 53
Best Individual:
Subpopulation 0:
Evaluated: T
Fitness: 993513.3
-1805006 2200361 -1334527 -656331 971700 -230762 -114967 867079 -1996337 2093496 275816 998197 1085970 1269118 -2003513 1342233 -2241141 1125633 -1560738 2138499

Generation: 54
Best Individual:
Subpopulation 0:
Evaluated: T
Fitness: 1025804.75
2302380 -2200361 1176865 -656331 2086425 -230762 -1451902 -867079 -879525 -1799334 -968428 -998197 1085970 -1269118 2003513 -1342233 1929603 -1561557 286698 -2019524

Generation: 55
Best Individual:
Subpopulation 0:
Evaluated: T
Fitness: 995179.5
-1805006 2200361 -1176865 656331 -2086425 230762 -1451902 867079 -1996337 -1764884 -1366486 998197 -1085970 56004 -2003513 1342233 2241141 886907 -1560738 2138499

Generation: 56
Best Individual:
Subpopulation 0:
Evaluated: T
Fitness: 1047228.45
1805006 -2200361 1964505 -219639 971700 -1991464 114967 867079 -663234 -1799334 -1366486 -1276176 1085970 -1269118 2003513 -1342233 1929603 -1561557 286698 -2019524

Generation: 57
Best Individual:
Subpopulation 0:
Evaluated: T
Fitness: 1114827.95
2302380 -2200361 1176865 -656331 2086425 230762 693874 -867079 -663234 -1799334 -1366486 -1276176 1085970 -1269118 2003513 -1342233 1929603 -1561557 286698 -2019524

Generation: 58
Best Individual:
Subpopulation 0:
Evaluated: T
Fitness: 982715.65
-2302380 2200361 -1964505 656331 -971700 909025 -1451902 867079 -1996337 -1764884 275816 998197 -1816525 1269118 -2003513 1342233 -1929603 -1561557 1560738 2138499

Generation: 59
Best Individual:
Subpopulation 0:
Evaluated: T
Fitness: 865055.8
1805006 2200361 -1334527 2054169 -971700 1090578 -1451902 1611630 -1996337 1799334 275816 998197 -1085970 -1269118 -55623 -1342233 -1929603 1561557 286698 2138499

Generation: 60
Best Individual:
Subpopulation 0:
Evaluated: T
Fitness: 966043.35
1805006 -2200361 -1964505 -2054169 971700 -1991464 114967 -1611630 1996337 1065897 968428 -998197 1085970 -1269118 2003513 -1342233 -1929603 -1561557 286698 -2019524

Generation: 61
Best Individual:
Subpopulation 0:
Evaluated: T
Fitness: 816952.7
1805006 -2200361 1176865 -2054169 2086425 -230762 -1451902 1361407 1996337 1799334 -275816 -1276176 1085970 56004 805227 -1342233 1929603 -1561557 -286698 -2019524

Generation: 62
Best Individual:
Subpopulation 0:
Evaluated: T
Fitness: 937339.2
-1805006 2200361 -1964505 -656331 -971700 230762 -1451902 867079 -1996337 1799334 -1366486 1276176 -1085970 -56004 2003513 1342233 -2241141 -1561557 -286698 2138499

Generation: 63
Best Individual:
Subpopulation 0:
Evaluated: T
Fitness: 864284.55
2302380 -2200361 1176865 -2054169 2086425 1991464 -1451902 -1361407 663234 -1065897 968428 -998197 1085970 56004 805227 -1342233 1929603 1561557 286698 -2019524

Generation: 64
Best Individual:
Subpopulation 0:
Evaluated: T
Fitness: 859327.9
2302380 -2200361 1964505 -656331 971700 -909025 1451902 -1361407 -1996337 1065897 -968428 -998197 1085970 56004 805227 -1342233 1929603 -1561557 -286698 -2019524

Generation: 65
Best Individual:
Subpopulation 0:
Evaluated: T
Fitness: 944624.85
2302380 -2200361 1964505 -219639 2086425 -909025 -1451902 -867079 -1537160 -1764884 968428 -998197 1085970 -56004 2003513 1342233 1929603 -1561557 286698 -2019524

Generation: 66
Best Individual:
Subpopulation 0:
Evaluated: T
Fitness: 971892.75
-1805006 2200361 1176865 656331 -2086425 1991464 -1451902 1361407 -1996337 1799334 275816 -998197 -1816525 1269118 -2003513 -1342233 -1929603 -1561557 -286698 2138499

Generation: 67
Best Individual:
Subpopulation 0:
Evaluated: T
Fitness: 1007341.3
2302380 -2200361 1176865 -656331 1016232 -230762 -1451902 -1361407 -663234 -1065897 968428 -998197 1085970 -56004 2003513 -1342233 1929603 -1561557 286698 -2019524

Generation: 68
Best Individual:
Subpopulation 0:
Evaluated: T
Fitness: 963180.15
2302380 -2200361 1964505 656331 -971700 -230762 693874 1361407 1537160 -1764884 275816 -998197 1085970 -56004 2003513 -1342233 1929603 -1561557 286698 -2019524

Generation: 69
Best Individual:
Subpopulation 0:
Evaluated: T
Fitness: 957754.9
2302380 -2200361 1964505 -656331 2086425 230762 1451902 1361407 1996337 1065897 968428 -998197 1085970 1269118 805227 -1342233 1929603 -1561557 -286698 -2019524

Generation: 70
Best Individual:
Subpopulation 0:
Evaluated: T
Fitness: 1144581.0
2302380 -2200361 1964505 -656331 2086425 230762 1451902 1361407 1996337 1065897 968428 -998197 1085970 -1269118 2003513 -1342233 1929603 -1561557 -286698 -2019524

Generation: 71
Best Individual:
Subpopulation 0:
Evaluated: T
Fitness: 1287842.55
2302380 -2200361 1964505 -656331 2086425 230762 1451902 1361407 1996337 -1799334 968428 -998197 1085970 -1269118 2003513 -1342233 1929603 -1561557 -286698 -2019524

Generation: 72
Best Individual:
Subpopulation 0:
Evaluated: T
Fitness: 1030326.1
-1805006 2200361 -1964505 656331 1016232 -230762 -1451902 -867079 -879525 1065897 -968428 998197 -1085970 1269118 -805227 1342233 -2241141 1561557 -286698 2138499

Generation: 73
Best Individual:
Subpopulation 0:
Evaluated: T
Fitness: 1017680.65
-1805006 -2200361 -1964505 -219639 -2086425 909025 -1451902 867079 -1537160 1065897 -968428 998197 -1085970 1269118 805227 1342233 -2241141 1561557 -286698 2138499

Generation: 74
Best Individual:
Subpopulation 0:
Evaluated: T
Fitness: 1060502.6
2302380 -2200361 1964505 -219639 2086425 909025 1451902 -1361407 1996337 -1799334 275816 998197 1085970 -1269118 2003513 -1342233 1929603 -1561557 286698 2019524

Generation: 75
Best Individual:
Subpopulation 0:
Evaluated: T
Fitness: 1036359.5
-2302380 2200361 1964505 656331 1016232 230762 -1451902 867079 -1537160 1764884 -968428 998197 -1085970 1269118 -805227 1342233 -2241141 1561557 -286698 2138499

Generation: 76
Best Individual:
Subpopulation 0:
Evaluated: T
Fitness: 1232810.0
-2302380 2200361 -1964505 656331 1016232 230762 -1451902 867079 -1537160 1764884 -968428 998197 -1085970 1269118 -805227 1342233 -2241141 1561557 -286698 2138499

Generation: 77
Best Individual:
Subpopulation 0:
Evaluated: T
Fitness: 1209733.8
-2302380 2200361 -1964505 656331 1016232 -230762 -1451902 867079 -1537160 1764884 -968428 998197 -1085970 1269118 -805227 1342233 -2241141 1561557 -286698 2138499

Generation: 78
Best Individual:
Subpopulation 0:
Evaluated: T
Fitness: 1311357.0
-2302380 2200361 -1964505 656331 -1016232 -230762 -1451902 867079 -1537160 1764884 -968428 998197 -1085970 1269118 -805227 1342233 -2241141 1561557 -286698 2138499

Generation: 79
Best Individual:
Subpopulation 0:
Evaluated: T
Fitness: 1254814.0
-2302380 2200361 -1964505 656331 -2086425 -230762 -1451902 1361407 -1537160 1065897 -968428 -998197 -1085970 1269118 -805227 1342233 -2241141 1561557 -286698 2138499

Generation: 80
Best Individual:
Subpopulation 0:
Evaluated: T
Fitness: 1047379.5
-2302380 2200361 -1964505 656331 -2086425 -230762 -1451902 1361407 -1537160 1065897 -968428 -998197 -1085970 -1269118 805227 1342233 -2241141 1561557 -286698 2138499

Generation: 81
Best Individual:
Subpopulation 0:
Evaluated: T
Fitness: 1098658.3
-2302380 2200361 -1964505 656331 -2086425 -230762 -1451902 1361407 -1537160 1065897 -968428 -998197 -1085970 1269118 -805227 1342233 -2241141 -1561557 -286698 2138499

Generation: 82
Best Individual:
Subpopulation 0:
Evaluated: T
Fitness: 863149.5
-2302380 2200361 -1964505 656331 -2086425 -230762 -1451902 1361407 -1537160 1065897 -968428 -998197 1085970 -1269118 -805227 1342233 -2241141 -1561557 -286698 2138499

Generation: 83
Best Individual:
Subpopulation 0:
Evaluated: T
Fitness: 978547.35
-1805006 2200361 -1964505 219639 -1016232 909025 -1451902 -1361407 -879525 1065897 968428 998197 -1085970 -1269118 -2003513 1342233 -2241141 1561557 -286698 2138499

Generation: 84
Best Individual:
Subpopulation 0:
Evaluated: T
Fitness: 967340.75
-2302380 2200361 -1964505 656331 -2086425 -230762 -1451902 1361407 -1537160 1065897 -968428 -998197 -1085970 -1269118 -2003513 940766 -1929603 -1561557 286698 2138499

Generation: 85
Best Individual:
Subpopulation 0:
Evaluated: T
Fitness: 1075306.6
1805006 -2200361 1176865 -656331 971700 230762 1451902 -1611630 1996337 -1764884 275816 -998197 1085970 -1269118 -2003513 -940766 2241141 -1561557 -286698 -2019524

Generation: 86
Best Individual:
Subpopulation 0:
Evaluated: T
Fitness: 1134632.45
-2302380 2200361 -1964505 656331 -2086425 230762 -1451902 -1361407 -1537160 1799334 -968428 998197 1085970 -56004 -2003513 1342233 -2241141 1561557 286698 2138499

Generation: 87
Best Individual:
Subpopulation 0:
Evaluated: T
Fitness: 1098982.2
-2302380 2200361 -1964505 656331 -2086425 230762 -1451902 -1361407 -1537160 1799334 -968428 998197 1085970 -56004 -2003513 940766 -1929603 1561557 286698 2138499

Generation: 88
Best Individual:
Subpopulation 0:
Evaluated: T
Fitness: 1027791.3
-2302380 2200361 -1964505 656331 -2086425 -230762 -1451902 -1361407 -1537160 1065897 275816 -998197 -1085970 1269118 -805227 1342233 -2241141 1561557 286698 2138499

Generation: 89
Best Individual:
Subpopulation 0:
Evaluated: T
Fitness: 931778.45
-2302380 2200361 1176865 656331 -1016232 -230762 1451902 -867079 -1537160 1065897 -968428 998197 -1085970 1269118 -2003513 1342233 -1929603 1561557 -286698 2138499

Generation: 90
Best Individual:
Subpopulation 0:
Evaluated: T
Fitness: 926615.0
-1805006 2200361 -1176865 656331 1016232 230762 -1451902 1361407 -1537160 1065897 -968428 -998197 -1085970 1269118 -2003513 940766 -1929603 -1561557 -286698 2138499

Generation: 91
Best Individual:
Subpopulation 0:
Evaluated: T
Fitness: 988731.2
1805006 -2200361 1176865 656331 -971700 -230762 1451902 -867079 1996337 -1065897 968428 -998197 1085970 -1269118 2003513 940766 1929603 -1561557 -286698 -2019524

Generation: 92
Best Individual:
Subpopulation 0:
Evaluated: T
Fitness: 1015051.9
-2302380 2200361 -1964505 656331 2086425 230762 -1451902 -1361407 -1537160 1065897 275816 998197 -1085970 1269118 -2003513 1342233 -1929603 1561557 -286698 2138499

Generation: 93
Best Individual:
Subpopulation 0:
Evaluated: T
Fitness: 1015351.25
1805006 -2200361 1964505 -2054169 971700 -230762 1451902 -1361407 1996337 1799334 968428 -998197 1085970 1269118 2003513 940766 1929603 -1561557 -286698 -2019524

Generation: 94
Best Individual:
Subpopulation 0:
Evaluated: T
Fitness: 1132355.4
-2302380 2200361 -1176865 2054169 971700 -230762 -1451902 1361407 -1537160 1764884 -968428 -998197 -1085970 -56004 -2003513 1342233 -2241141 1561557 286698 2138499

Generation: 95
Best Individual:
Subpopulation 0:
Evaluated: T
Fitness: 1132355.4
-2302380 2200361 -1176865 2054169 971700 -230762 -1451902 1361407 -1537160 1764884 -968428 -998197 -1085970 -56004 -2003513 1342233 -2241141 1561557 286698 2138499

Generation: 96
Best Individual:
Subpopulation 0:
Evaluated: T
Fitness: 1065587.95
1805006 -2200361 1964505 -2054169 -971700 230762 1451902 -867079 1996337 -1065897 -275816 -998197 1085970 1269118 2003513 -1342233 1929603 -1561557 -286698 -2019524

Generation: 97
Best Individual:
Subpopulation 0:
Evaluated: T
Fitness: 1058291.8
-2302380 2200361 -1176865 2054169 971700 -230762 -1451902 867079 -1996337 -1065897 968428 998197 -1085970 1269118 -2003513 1342233 -2241141 1561557 286698 2138499

Generation: 98
Best Individual:
Subpopulation 0:
Evaluated: T
Fitness: 993043.9
1805006 -2200361 1964505 -656331 1016232 -230762 1451902 -1611630 1996337 1799334 968428 -998197 1085970 -56004 2003513 -940766 1929603 1561557 286698 -2019524

Generation: 99
Best Individual:
Subpopulation 0:
Evaluated: T
Fitness: 976529.85
-2302380 2200361 -1176865 -656331 -2086425 -230762 -1451902 -1361407 -1537160 1764884 -275816 998197 1085970 1269118 -805227 1342233 -2241141 1561557 286698 2138499

Generation: 100
Best Individual:
Subpopulation 0:
Evaluated: T
Fitness: 1019937.75
-2302380 2200361 -1176865 -656331 -2086425 -230762 -1451902 -1361407 -1537160 1764884 -968428 -998197 -1085970 1269118 -805227 1342233 -2241141 1561557 286698 2138499

Generation: 101
Best Individual:
Subpopulation 0:
Evaluated: T
Fitness: 1059787.3
-2302380 2200361 -1964505 2054169 -1016232 230762 -1451902 -1361407 -1537160 1764884 -275816 998197 1085970 1269118 -2003513 -1342233 -1929603 1561557 -286698 2138499

Generation: 102
Best Individual:
Subpopulation 0:
Evaluated: T
Fitness: 969232.6
-2302380 2200361 1176865 656331 -971700 -230762 -1451902 -867079 -1996337 1065897 275816 998197 -1085970 -56004 -2003513 1342233 -1929603 1561557 -286698 2138499

Generation: 103
Best Individual:
Subpopulation 0:
Evaluated: T
Fitness: 969232.6
-2302380 2200361 1176865 656331 -971700 -230762 -1451902 -867079 -1996337 1065897 275816 998197 -1085970 -56004 -2003513 1342233 -1929603 1561557 -286698 2138499

Generation: 104
Best Individual:
Subpopulation 0:
Evaluated: T
Fitness: 1109995.3
-2302380 2200361 -1176865 656331 -971700 230762 -1451902 -867079 -1996337 1065897 275816 998197 -1085970 -56004 -2003513 1342233 -1929603 1561557 -286698 2138499

Generation: 105
Best Individual:
Subpopulation 0:
Evaluated: T
Fitness: 1128012.7
-2302380 2200361 -1176865 656331 971700 -230762 -1451902 1361407 -1537160 1065897 -1366486 998197 -1085970 1269118 -2003513 -940766 -2241141 1561557 -286698 2138499

Generation: 106
Best Individual:
Subpopulation 0:
Evaluated: T
Fitness: 920144.55
1805006 -2200361 -1964505 -2054169 -971700 -230762 1451902 -867079 1996337 -1065897 -968428 -998197 -1085970 -1269118 2003513 -1342233 2241141 -1561557 286698 -2019524

Generation: 107
Best Individual:
Subpopulation 0:
Evaluated: T
Fitness: 886231.05
2302380 2200361 -1176865 2054169 -1016232 -230762 -1451902 1611630 -1996337 -1065897 275816 998197 -1085970 -56004 -805227 1342233 -1929603 1561557 -286698 2138499

Generation: 108
Best Individual:
Subpopulation 0:
Evaluated: T
Fitness: 907277.15
2302380 2200361 -1176865 2054169 -971700 -230762 -1451902 1611630 -1537160 1764884 -275816 -998197 -1085970 56004 -805227 1342233 -1929603 1561557 286698 2138499

Generation: 109
Best Individual:
Subpopulation 0:
Evaluated: T
Fitness: 854576.0
-2302380 2200361 -1964505 656331 2086425 -230762 -1451902 1361407 -1537160 -1065897 -968428 998197 -1085970 1269118 -805227 1342233 -2241141 -1561557 286698 2138499

Generation: 110
Best Individual:
Subpopulation 0:
Evaluated: T
Fitness: 809036.85
-2302380 2200361 1176865 656331 -1016232 -230762 -1451902 1611630 879525 1065897 -1366486 -998197 -1085970 -56004 805227 1342233 -2241141 1561557 -286698 2138499

Generation: 111
Best Individual:
Subpopulation 0:
Evaluated: T
Fitness: 860581.6
-2302380 2200361 -1176865 2054169 971700 -230762 -1451902 1611630 -1996337 -1065897 275816 998197 1085970 1269118 -805227 -940766 -1929603 1561557 -286698 2138499

Generation: 112
Best Individual:
Subpopulation 0:
Evaluated: T
Fitness: 871954.1
-2302380 2200361 -1176865 2054169 -971700 230762 -1451902 1611630 -1537160 1065897 -968428 -998197 -1085970 1269118 2003513 1342233 2241141 1561557 286698 2138499

Generation: 113
Best Individual:
Subpopulation 0:
Evaluated: T
Fitness: 1033551.65
-2302380 2200361 -1334527 656331 1016232 -230762 -1451902 1361407 -1537160 1065897 -275816 -998197 -1085970 1269118 -805227 1342233 -2241141 1561557 -286698 2138499

Generation: 114
Best Individual:
Subpopulation 0:
Evaluated: T
Fitness: 924537.8
-2302380 2200361 1176865 2054169 971700 -230762 -1451902 -1611630 -1996337 1065897 -968428 998197 -1085970 1269118 -805227 940766 -1929603 1561557 286698 2138499

Generation: 115
Best Individual:
Subpopulation 0:
Evaluated: T
Fitness: 877961.7
-2302380 2200361 1176865 -656331 -1016232 -230762 -1451902 -1361407 -1537160 1065897 -968428 998197 -1085970 1269118 -805227 940766 -1929603 1561557 286698 2138499

Generation: 116
Best Individual:
Subpopulation 0:
Evaluated: T
Fitness: 877786.7
-2302380 2200361 -1176865 2054169 971700 -230762 -1451902 -1611630 -879525 1065897 -968428 998197 1085970 1269118 -805227 940766 -1929603 1561557 286698 2138499

Generation: 117
Best Individual:
Subpopulation 0:
Evaluated: T
Fitness: 892547.95
-2302380 2200361 -1176865 656331 971700 230762 -1451902 1611630 -1996337 -1065897 968428 998197 -1085970 1269118 -2003513 1342233 -2241141 -1561557 286698 2138499

Generation: 118
Best Individual:
Subpopulation 0:
Evaluated: T
Fitness: 1036405.5
1805006 -2200361 1176865 -656331 1016232 230762 1451902 -867079 1537160 -1065897 1366486 998197 1085970 -1269118 2003513 1342233 1929603 -1561557 286698 -2019524

Generation: 119
Best Individual:
Subpopulation 0:
Evaluated: T
Fitness: 962424.0
-2302380 2200361 -1176865 656331 971700 230762 -1451902 1611630 -1537160 1065897 -968428 998197 1085970 -1269118 -805227 1342233 -2241141 1561557 -286698 2138499

Generation: 120
Best Individual:
Subpopulation 0:
Evaluated: T
Fitness: 962424.0
-2302380 2200361 -1176865 656331 971700 230762 -1451902 1611630 -1537160 1065897 -968428 998197 1085970 -1269118 -805227 1342233 -2241141 1561557 -286698 2138499

Generation: 121
Best Individual:
Subpopulation 0:
Evaluated: T
Fitness: 989858.05
1805006 -2200361 1176865 -656331 971700 -230762 1451902 -1611630 -879525 -1065897 275816 -998197 1085970 -1269118 2003513 -1342233 2241141 1561557 -286698 -2138499

Generation: 122
Best Individual:
Subpopulation 0:
Evaluated: T
Fitness: 869589.8
-2302380 2200361 -1176865 2054169 -971700 230762 -1451902 1611630 1996337 1764884 -275816 998197 -1085970 1269118 -805227 -1342233 -2241141 -1561557 286698 2138499

Generation: 123
Best Individual:
Subpopulation 0:
Evaluated: T
Fitness: 1001558.2
-2302380 2200361 -1176865 656331 -1016232 230762 -1451902 1611630 -1996337 1764884 -275816 998197 -1085970 1269118 -805227 -1342233 -2241141 -1561557 286698 2138499

Generation: 124
Best Individual:
Subpopulation 0:
Evaluated: T
Fitness: 995309.65
2302380 -2200361 -1176865 -656331 971700 -230762 -1451902 -1611630 1537160 -1065897 -275816 -998197 1085970 -1269118 2003513 -1342233 2241141 -1561557 -286698 -2019524

Generation: 125
Best Individual:
Subpopulation 0:
Evaluated: T
Fitness: 1129953.55
2302380 -2200361 1176865 -2054169 1016232 -230762 1451902 -1611630 1537160 -1065897 -275816 -998197 1085970 -1269118 -2003513 -1342233 2241141 -1561557 -286698 -2019524

Generation: 126
Best Individual:
Subpopulation 0:
Evaluated: T
Fitness: 1330304.85
2302380 -2200361 1176865 -2054169 1016232 -230762 1451902 -1611630 1537160 -1065897 -275816 -998197 1085970 -1269118 2003513 -1342233 2241141 -1561557 -286698 -2019524

Generation: 127
Best Individual:
Subpopulation 0:
Evaluated: T
Fitness: 1330304.85
2302380 -2200361 1176865 -2054169 1016232 -230762 1451902 -1611630 1537160 -1065897 -275816 -998197 1085970 -1269118 2003513 -1342233 2241141 -1561557 -286698 -2019524

Generation: 128
Best Individual:
Subpopulation 0:
Evaluated: T
Fitness: 1330304.85
2302380 -2200361 1176865 -2054169 1016232 -230762 1451902 -1611630 1537160 -1065897 -275816 -998197 1085970 -1269118 2003513 -1342233 2241141 -1561557 -286698 -2019524

Generation: 129
Best Individual:
Subpopulation 0:
Evaluated: T
Fitness: 1135713.55
2302380 -2200361 1176865 -656331 -1016232 230762 1451902 -1611630 1537160 -1065897 -275816 -998197 1085970 -1269118 2003513 -1342233 2241141 -1561557 -286698 -2019524

Generation: 130
Best Individual:
Subpopulation 0:
Evaluated: T
Fitness: 954305.75
2302380 -2200361 1176865 -656331 1016232 -230762 1451902 -1611630 1996337 1065897 -275816 -998197 1085970 1269118 805227 -940766 1929603 -1561557 -286698 -2019524

Generation: 131
Best Individual:
Subpopulation 0:
Evaluated: T
Fitness: 1052820.6
2302380 -2200361 1176865 -2054169 1016232 -230762 1451902 -867079 1537160 -1065897 -275816 998197 1085970 -1269118 -805227 -1342233 2241141 -1561557 -286698 -2019524

Generation: 132
Best Individual:
Subpopulation 0:
Evaluated: T
Fitness: 953490.4
2302380 -2200361 1176865 -2054169 1016232 -230762 1451902 -867079 1537160 -1065897 275816 998197 1085970 1269118 -805227 -1342233 2241141 -1561557 -286698 -2019524

Generation: 133
Best Individual:
Subpopulation 0:
Evaluated: T
Fitness: 956604.85
2302380 -2200361 -1176865 656331 1016232 -230762 1451902 1611630 1537160 -1065897 275816 -998197 1085970 -1269118 2003513 -1342233 1929603 -1561557 286698 -2019524

Generation: 134
Best Individual:
Subpopulation 0:
Evaluated: T
Fitness: 1034821.4
2302380 -2200361 1176865 -2054169 1016232 -230762 1451902 -1611630 1996337 1065897 968428 -998197 -1085970 -1269118 805227 1342233 2241141 -1561557 286698 -2019524

Generation: 135
Best Individual:
Subpopulation 0:
Evaluated: T
Fitness: 1299185.55
2302380 -2200361 1964505 -2054169 1016232 -230762 1451902 -1611630 879525 -1065897 275816 998197 1085970 -1269118 2003513 -1342233 2241141 -1561557 286698 -2138499

Generation: 136
Best Individual:
Subpopulation 0:
Evaluated: T
Fitness: 1270515.75
2302380 -2200361 1964505 -2054169 1016232 -230762 1451902 -1611630 879525 -1065897 275816 998197 1085970 -1269118 2003513 -1342233 2241141 -1561557 -286698 -2138499

Generation: 137
Best Individual:
Subpopulation 0:
Evaluated: T
Fitness: 1131980.95
2302380 -2200361 1964505 -2054169 1016232 -230762 1451902 -1611630 1537160 -1065897 275816 998197 1085970 -1269118 805227 1342233 2241141 -1561557 286698 -2019524

Generation: 138
Best Individual:
Subpopulation 0:
Evaluated: T
Fitness: 953580.8
2302380 -2200361 -1964505 -2054169 1016232 -230762 1451902 -1611630 1537160 -1065897 275816 998197 1085970 -1269118 -805227 -940766 1929603 -1561557 286698 -2019524

Generation: 139
Best Individual:
Subpopulation 0:
Evaluated: T
Fitness: 1067989.7
2302380 -2200361 1964505 -2054169 1016232 -230762 1451902 -1611630 1996337 1065897 968428 -998197 -1085970 -1269118 -2003513 -1342233 2241141 -1561557 286698 -2019524

Generation: 140
Best Individual:
Subpopulation 0:
Evaluated: T
Fitness: 1067989.7
2302380 -2200361 1964505 -2054169 1016232 -230762 1451902 -1611630 1996337 1065897 968428 -998197 -1085970 -1269118 -2003513 -1342233 2241141 -1561557 286698 -2019524

Generation: 141
Best Individual:
Subpopulation 0:
Evaluated: T
Fitness: 1025182.6
-2302380 2200361 -1176865 656331 -1016232 -230762 -1451902 1611630 -1996337 1065897 275816 998197 -1085970 -1269118 -2003513 -940766 -2241141 1561557 286698 2138499

Generation: 142
Best Individual:
Subpopulation 0:
Evaluated: T
Fitness: 967982.4
-2302380 2200361 -1176865 -2054169 -971700 -230762 -1451902 1611630 -1996337 1065897 275816 998197 -1085970 1269118 805227 940766 -2241141 1561557 286698 2138499

Generation: 143
Best Individual:
Subpopulation 0:
Evaluated: T
Fitness: 1208057.55
2302380 -2200361 1176865 -2054169 1016232 230762 1451902 -1611630 879525 -1065897 275816 998197 1085970 -1269118 2003513 -1342233 2241141 -1561557 -286698 -2138499

Generation: 144
Best Individual:
Subpopulation 0:
Evaluated: T
Fitness: 960937.1
2302380 -2200361 1176865 -656331 1016232 230762 1451902 -1611630 1537160 -1065897 275816 998197 -1085970 -1269118 805227 -940766 1929603 -1561557 -286698 -2019524

Generation: 145
Best Individual:
Subpopulation 0:
Evaluated: T
Fitness: 1029165.8
-2302380 2200361 -1176865 656331 971700 -230762 1451902 1611630 -1996337 1065897 -275816 998197 -1085970 1269118 -2003513 940766 -2241141 1561557 286698 2138499

Generation: 146
Best Individual:
Subpopulation 0:
Evaluated: T
Fitness: 1219270.4
2302380 -2200361 1176865 -2054169 1016232 -230762 1451902 -1611630 1996337 1065897 968428 -998197 1085970 -1269118 805227 -940766 1929603 -1561557 -286698 -2138499

Generation: 147
Best Individual:
Subpopulation 0:
Evaluated: T
Fitness: 1219270.4
2302380 -2200361 1176865 -2054169 1016232 -230762 1451902 -1611630 1996337 1065897 968428 -998197 1085970 -1269118 805227 -940766 1929603 -1561557 -286698 -2138499

Generation: 148
Best Individual:
Subpopulation 0:
Evaluated: T
Fitness: 1325860.1
2302380 -2200361 1176865 -2054169 1016232 -230762 1451902 -1611630 1996337 -1065897 968428 -998197 1085970 -1269118 805227 -940766 1929603 -1561557 -286698 -2138499

Generation: 149
Best Individual:
Subpopulation 0:
Evaluated: T
Fitness: 1139394.3
2302380 -2200361 1176865 -2054169 971700 230762 1451902 1611630 1996337 -1065897 968428 -998197 1085970 -1269118 805227 -940766 1929603 -1561557 -286698 -2138499

Generation: 150
Best Individual:
Subpopulation 0:
Evaluated: T
Fitness: 1202285.3
2302380 -2200361 -1176865 -2054169 1016232 -230762 1451902 -1611630 1996337 -1065897 968428 -998197 -1085970 -1269118 2003513 -1342233 1929603 -1561557 286698 -2019524

Generation: 151
Best Individual:
Subpopulation 0:
Evaluated: T
Fitness: 1189606.3
2302380 -2200361 1176865 -2054169 -1016232 -230762 1451902 -1611630 1996337 -1065897 275816 -998197 1085970 -1269118 805227 -940766 1929603 -1561557 -286698 -2138499

Generation: 152
Best Individual:
Subpopulation 0:
Evaluated: T
Fitness: 1268153.3
2302380 -2200361 1176865 -2054169 1016232 230762 1451902 -1611630 1996337 -1065897 275816 -998197 1085970 -1269118 805227 -940766 1929603 -1561557 -286698 -2138499

Generation: 153
Best Individual:
Subpopulation 0:
Evaluated: T
Fitness: 1122885.2
2302380 -2200361 -1176865 -2054169 1016232 230762 1451902 -1611630 1996337 -1065897 -275816 -998197 1085970 -1269118 805227 -940766 1929603 -1561557 -286698 -2138499

Generation: 154
Best Individual:
Subpopulation 0:
Evaluated: T
Fitness: 1085277.7
2302380 -2200361 -1176865 -2054169 1016232 230762 1451902 -1611630 1996337 -1065897 968428 998197 1085970 -1269118 805227 -940766 1929603 -1561557 -286698 -2138499

Generation: 155
Best Individual:
Subpopulation 0:
Evaluated: T
Fitness: 1085277.7
2302380 -2200361 -1176865 -2054169 1016232 230762 1451902 -1611630 1996337 -1065897 968428 998197 1085970 -1269118 805227 -940766 1929603 -1561557 -286698 -2138499

Generation: 156
Best Individual:
Subpopulation 0:
Evaluated: T
Fitness: 1033290.25
-2302380 2200361 -1176865 656331 -1016232 -230762 -1451902 1611630 -1996337 1065897 -275816 998197 -1085970 1269118 805227 -940766 -2241141 1561557 286698 2019524

Generation: 157
Best Individual:
Subpopulation 0:
Evaluated: T
Fitness: 1033290.25
-2302380 2200361 -1176865 656331 -1016232 -230762 -1451902 1611630 -1996337 1065897 -275816 998197 -1085970 1269118 805227 -940766 -2241141 1561557 286698 2019524

Generation: 158
Best Individual:
Subpopulation 0:
Evaluated: T
Fitness: 1085277.7
2302380 -2200361 -1176865 -2054169 1016232 230762 1451902 -1611630 1996337 -1065897 968428 998197 1085970 -1269118 805227 -940766 1929603 -1561557 -286698 -2138499

Generation: 159
Best Individual:
Subpopulation 0:
Evaluated: T
Fitness: 931243.95
-2302380 2200361 -1176865 656331 -971700 -230762 -1451902 1611630 -1996337 1065897 -275816 -998197 -1085970 1269118 805227 -940766 -2241141 1561557 286698 2019524

Generation: 160
Best Individual:
Subpopulation 0:
Evaluated: T
Fitness: 941999.75
-2302380 2200361 -1176865 656331 -1016232 -230762 -1451902 1611630 1996337 1065897 -275816 998197 -1085970 -56004 -805227 940766 -2241141 1561557 286698 2019524

Generation: 161
Best Individual:
Subpopulation 0:
Evaluated: T
Fitness: 1015274.05
-2302380 2200361 1176865 656331 -971700 -230762 -1451902 1611630 -1996337 1764884 -968428 998197 -1085970 -56004 805227 1342233 -1929603 1561557 286698 2019524

Generation: 162
Best Individual:
Subpopulation 0:
Evaluated: T
Fitness: 1015274.05
-2302380 2200361 1176865 656331 -971700 -230762 -1451902 1611630 -1996337 1764884 -968428 998197 -1085970 -56004 805227 1342233 -1929603 1561557 286698 2019524

Generation: 163
Best Individual:
Subpopulation 0:
Evaluated: T
Fitness: 934510.2
2302380 -2200361 1176865 -2054169 1016232 230762 1451902 1611630 1996337 -1065897 -275816 998197 1085970 -56004 805227 -940766 2241141 -1561557 -286698 -2138499

Generation: 164
Best Individual:
Subpopulation 0:
Evaluated: T
Fitness: 1059774.0
2302380 -2200361 1176865 -656331 1016232 -230762 1451902 -1611630 1996337 -1065897 -275816 998197 1085970 -1269118 2003513 940766 1929603 -1561557 -286698 -2138499

Generation: 165
Best Individual:
Subpopulation 0:
Evaluated: T
Fitness: 1076978.35
2302380 -2200361 1176865 2054169 1016232 -230762 1451902 -1611630 1537160 -1065897 275816 -998197 1085970 -1269118 805227 -1342233 1929603 -1561557 -286698 -2019524

Generation: 166
Best Individual:
Subpopulation 0:
Evaluated: T
Fitness: 1076978.35
2302380 -2200361 1176865 2054169 1016232 -230762 1451902 -1611630 1537160 -1065897 275816 -998197 1085970 -1269118 805227 -1342233 1929603 -1561557 -286698 -2019524

Generation: 167
Best Individual:
Subpopulation 0:
Evaluated: T
Fitness: 1000754.9
2302380 2200361 1176865 2054169 -971700 230762 -1451902 1611630 -1537160 1065897 -275816 998197 -1085970 1269118 -2003513 940766 -1929603 1561557 -286698 2019524

Generation: 168
Best Individual:
Subpopulation 0:
Evaluated: T
Fitness: 827340.1
2302380 -2200361 1176865 -656331 -971700 -230762 -1451902 -1611630 1996337 -1065897 -275816 998197 1085970 56004 805227 -940766 2241141 -1561557 286698 -2138499

Generation: 169
Best Individual:
Subpopulation 0:
Evaluated: T
Fitness: 864556.3
2302380 -2200361 1176865 656331 -971700 -230762 1451902 -1611630 1996337 -1065897 -275816 998197 -1085970 -1269118 805227 -940766 2241141 -1561557 286698 -2138499

Generation: 170
Best Individual:
Subpopulation 0:
Evaluated: T
Fitness: 1017949.85
-2302380 2200361 -1176865 656331 -1016232 230762 -1451902 -1611630 -1996337 1065897 -275816 998197 -1085970 1269118 805227 940766 -2241141 1561557 -286698 2019524

Generation: 171
Best Individual:
Subpopulation 0:
Evaluated: T
Fitness: 876656.6
-2302380 2200361 -1176865 656331 -1016232 -230762 -1451902 1611630 1996337 1065897 -275816 -998197 -1085970 1269118 805227 1342233 -2241141 1561557 -286698 2019524

Generation: 172
Best Individual:
Subpopulation 0:
Evaluated: T
Fitness: 933591.25
2302380 -2200361 -1176865 -2054169 1016232 -230762 1451902 -1611630 -1537160 -1764884 -275816 -998197 1085970 -56004 2003513 1342233 2241141 -1561557 286698 -2138499

Generation: 173
Best Individual:
Subpopulation 0:
Evaluated: T
Fitness: 1001262.1
-2302380 2200361 -1176865 2054169 -1016232 -230762 -1451902 1611630 -1996337 1065897 -275816 998197 -1085970 1269118 2003513 1342233 -2241141 -1561557 286698 2019524

Generation: 174
Best Individual:
Subpopulation 0:
Evaluated: T
Fitness: 1120406.15
-2302380 2200361 -1176865 656331 -1016232 230762 1451902 1611630 -1996337 1065897 -968428 998197 -1085970 1269118 -805227 940766 -2241141 1561557 286698 2019524

Generation: 175
Best Individual:
Subpopulation 0:
Evaluated: T
Fitness: 987762.25
-2302380 2200361 -1176865 656331 -971700 230762 -1451902 1611630 -1996337 1065897 968428 998197 -1085970 -1269118 805227 940766 -2241141 1561557 -286698 2019524

Generation: 176
Best Individual:
Subpopulation 0:
Evaluated: T
Fitness: 1093715.7
2302380 -2200361 1176865 -2054169 1016232 -230762 1451902 -1611630 -1996337 -1065897 -275816 -998197 1085970 -1269118 805227 -1342233 2241141 -1561557 -286698 -2019524

Generation: 177
Best Individual:
Subpopulation 0:
Evaluated: T
Fitness: 1025824.7
-2302380 2200361 1176865 656331 -971700 -230762 -1451902 1611630 -1996337 1065897 968428 998197 1085970 1269118 -2003513 1342233 -2241141 1561557 -286698 2019524

Generation: 178
Best Individual:
Subpopulation 0:
Evaluated: T
Fitness: 860214.2
2302380 -2200361 1176865 -2054169 1016232 -230762 1451902 -1611630 -1996337 1065897 -275816 -998197 1085970 1269118 805227 -1342233 2241141 -1561557 -286698 -2019524

Generation: 179
Best Individual:
Subpopulation 0:
Evaluated: T
Fitness: 1176447.05
2302380 -2200361 1176865 -2054169 1016232 -230762 1451902 -1611630 1537160 -1065897 968428 -998197 1085970 -1269118 805227 -1342233 2241141 1561557 -286698 -2019524

Generation: 180
Best Individual:
Subpopulation 0:
Evaluated: T
Fitness: 948807.5
-2302380 2200361 1176865 656331 -971700 -230762 1451902 1611630 -1996337 1065897 -968428 998197 1085970 1269118 -2003513 1342233 -2241141 1561557 286698 2019524

Generation: 181
Best Individual:
Subpopulation 0:
Evaluated: T
Fitness: 1048998.45
-2302380 2200361 -1176865 -656331 971700 230762 -1451902 1611630 -1537160 1065897 -968428 998197 1085970 1269118 -2003513 1342233 -2241141 1561557 286698 2019524

Generation: 182
Best Individual:
Subpopulation 0:
Evaluated: T
Fitness: 1048998.45
-2302380 2200361 -1176865 -656331 971700 230762 -1451902 1611630 -1537160 1065897 -968428 998197 1085970 1269118 -2003513 1342233 -2241141 1561557 286698 2019524

Generation: 183
Best Individual:
Subpopulation 0:
Evaluated: T
Fitness: 915459.55
2302380 -2200361 1176865 -656331 1016232 230762 -1451902 -1611630 1996337 -1065897 275816 -998197 1085970 56004 805227 940766 1929603 -1561557 286698 -2019524

Generation: 184
Best Individual:
Subpopulation 0:
Evaluated: T
Fitness: 1033648.35
2302380 -2200361 1176865 -656331 -971700 230762 1451902 -1611630 1537160 1065897 968428 -998197 1085970 -1269118 805227 -1342233 2241141 -1561557 -286698 -2019524

Generation: 185
Best Individual:
Subpopulation 0:
Evaluated: T
Fitness: 996642.1
-2302380 2200361 -1176865 2054169 -971700 230762 -1451902 1611630 -1996337 -1764884 -275816 998197 1085970 1269118 805227 940766 -2241141 1561557 -286698 2019524

Generation: 186
Best Individual:
Subpopulation 0:
Evaluated: T
Fitness: 1022929.15
-2302380 2200361 -1176865 2054169 -971700 230762 -1451902 1611630 -1996337 -1764884 -275816 998197 1085970 1269118 -2003513 -1342233 -2241141 1561557 -286698 2019524

Generation: 187
Best Individual:
Subpopulation 0:
Evaluated: T
Fitness: 1001401.9
2302380 -2200361 1176865 -656331 971700 230762 1451902 1611630 1996337 -1065897 -275816 -998197 -1085970 -1269118 2003513 -1342233 1929603 -1561557 286698 -2019524

Generation: 188
Best Individual:
Subpopulation 0:
Evaluated: T
Fitness: 1068469.05
-2302380 2200361 -1176865 656331 1016232 230762 -1451902 1611630 -1996337 1065897 -968428 998197 1085970 1269118 -805227 940766 -1929603 1561557 -286698 2019524

Generation: 189
Best Individual:
Subpopulation 0:
Evaluated: T
Fitness: 895360.0
-2302380 2200361 -1176865 656331 1016232 230762 -1451902 1611630 -1996337 1065897 -275816 -998197 1085970 1269118 -2003513 -1342233 -2241141 1561557 -286698 2019524

Generation: 190
Best Individual:
Subpopulation 0:
Evaluated: T
Fitness: 874155.35
-2302380 2200361 -1176865 656331 -971700 230762 -1451902 1611630 1996337 1065897 -968428 998197 1085970 1269118 -805227 -940766 -1929603 1561557 -286698 2019524

Generation: 191
Best Individual:
Subpopulation 0:
Evaluated: T
Fitness: 866102.75
-2302380 2200361 -1176865 656331 -1016232 230762 -1451902 1611630 -1996337 -1065897 968428 -998197 -1085970 1269118 -2003513 940766 -2241141 -1561557 286698 2019524

Generation: 192
Best Individual:
Subpopulation 0:
Evaluated: T
Fitness: 869057.95
2302380 -2200361 1176865 -656331 971700 230762 1451902 1611630 1996337 -1764884 275816 -998197 1085970 -1269118 2003513 1342233 2241141 1561557 -286698 -2019524

Generation: 193
Best Individual:
Subpopulation 0:
Evaluated: T
Fitness: 1148652.0
2302380 -2200361 1176865 -656331 971700 -230762 1451902 1611630 1996337 -1065897 -275816 -998197 1085970 -1269118 2003513 -1342233 2241141 -1561557 286698 -2019524

Generation: 194
Best Individual:
Subpopulation 0:
Evaluated: T
Fitness: 1114021.4
2302380 -2200361 1176865 -656331 971700 -230762 1451902 1611630 1996337 -1065897 -968428 -998197 1085970 -1269118 2003513 -1342233 2241141 -1561557 286698 -2019524

Generation: 195
Best Individual:
Subpopulation 0:
Evaluated: T
Fitness: 1064361.1
2302380 -2200361 1176865 656331 971700 -230762 -1451902 -1611630 1996337 -1065897 -968428 -998197 1085970 -1269118 2003513 -1342233 2241141 -1561557 286698 -2019524

Generation: 196
Best Individual:
Subpopulation 0:
Evaluated: T
Fitness: 1026483.0
-2302380 2200361 1176865 656331 -971700 230762 -1451902 1611630 -1537160 1065897 -968428 998197 -1085970 1269118 -2003513 940766 -2241141 -1561557 286698 2019524

Generation: 197
Best Individual:
Subpopulation 0:
Evaluated: T
Fitness: 1144169.5
-2302380 2200361 -1176865 656331 -971700 230762 -1451902 1611630 -1537160 1065897 -968428 998197 -1085970 1269118 -2003513 940766 -2241141 -1561557 286698 2019524

Generation: 198
Best Individual:
Subpopulation 0:
Evaluated: T
Fitness: 1167832.0
-2302380 2200361 -1176865 656331 -971700 230762 -1451902 -1611630 -1537160 1065897 -968428 998197 -1085970 1269118 -2003513 940766 -2241141 1561557 -286698 2019524

Generation: 199
Best Individual:
Subpopulation 0:
Evaluated: T
Fitness: 951193.45
-2302380 2200361 1176865 -656331 -971700 -230762 -1451902 1611630 -1996337 1065897 -275816 -998197 -1085970 1269118 -805227 940766 -2241141 1561557 -286698 2019524

Best Individual of Run:
Subpopulation 0:
Evaluated: T
Fitness: 1330304.85
2302380 -2200361 1176865 -2054169 1016232 -230762 1451902 -1611630 1537160 -1065897 -275816 -998197 1085970 -1269118 2003513 -1342233 2241141 -1561557 -286698 -2019524
